Kush     true  1 0 0 1 1 1 1 1 1 1 1 1 1 1 1 0 0 1 1 1 1 1 1 1 1 1 1 1
Charlie  false 1 1 0 1 0 0 1 0 0 0 1 1 0 0 1 1 0 1 0 0 1 0 0 0 1 1 0 0
Anna     true  0 0 0 0 0 0 0 0 0 0 0 0 0 0 0 1 1 1 1 1 1 1 1 1 1 1 1 1
Lillian  true  0 0 0 0 0 0 0 1 1 1 0 1 1 1 0 0 1 0 0 0 0 0 0 0 0 1 0 0
Katrina  false 0 0 0 0 1 1 0 0 0 0 0 0 0 0 0 0 0 0 1 1 1 1 1 1 1 1 1 0
Sophie   true  0 1 1 0 0 0 0 0 0 0 1 1 1 0 0 1 1 0 0 0 0 0 0 0 1 1 1 0
Josh     true  0 0 0 0 0 0 0 0 1 0 0 0 0 0 0 0 0 1 1 0 0 0 0 0 0 0 1 0
Mark     true  0 0 0 1 0 0 0 0 0 0 0 0 0 0 0 0 0 0 0 0 0 0 0 0 0 0 0 0
Brendan  false 0 0 0 1 1 1 1 1 1 1 1 1 1 0 1 1 1 1 1 1 1 1 1 1 0 1 1 0
Grace    false 0 0 0 1 0 0 1 0 0 0 1 0 0 0 0 0 0 1 0 0 1 0 0 0 1 0 0 0
Brighton false 1 1 1 1 1 1 1 1 1 1 1 1 1 1 1 1 1 1 1 1 1 1 1 1 1 1 1 1
Shray    false 1 1 1 1 1 1 1 1 1 1 1 1 1 1 1 1 1 1 1 1 1 1 1 1 1 1 1 1
Harrison false 0 0 1 0 0 0 1 1 1 1 1 1 1 1 0 0 1 0 0 0 1 1 0 0 1 1 1 1
Melody   true  0 0 0 0 0 0 1 1 1 1 1 1 1 1 0 0 0 0 0 1 1 1 1 1 1 1 1 1
Ben      false 0 0 0 1 1 1 0 0 0 0 1 1 1 1 0 0 0 1 1 1 0 0 0 0 1 1 1 1
Paige    true  0 0 1 1 1 0 0 0 0 0 1 1 1 1 1 1 1 1 1 1 0 0 0 0 1 1 1 1
Tammy    false 0 0 0 0 0 0 1 1 1 1 1 1 1 1 0 1 1 0 0 1 0 0 0 0 1 1 1 1
Jasmine  true  0 0 0 1 0 0 1 1 0 0 1 1 1 1 1 0 0 1 1 0 1 1 0 0 1 1 1 0
Maddy    true  0 0 0 1 0 0 1 1 1 1 1 1 1 1 0 0 0 1 0 0 1 1 0 0 1 1 1 1
Ursula   true  0 0 0 0 0 0 0 0 0 0 0 0 0 0 1 1 1 1 1 1 1 0 0 0 1 1 0 1
Abby     false 0 1 1 1 1 0 0 0 0 0 1 1 1 0 1 1 0 1 1 1 0 0 0 0 1 1 0 0
Nathan   true  1 0 0 1 1 0 0 1 0 0 0 1 0 0 1 0 0 1 1 0 0 0 0 0 0 1 0 0
Reagan   false 0 0 0 0 0 0 1 0 0 0 0 0 0 0 0 0 0 1 1 1 0 0 0 0 0 0 1 1
Judy     true  0 0 0 0 0 0 0 0 0 0 0 0 0 0 1 1 1 0 1 1 0 0 0 0 0 1 1 1
Bethany  false 0 0 0 0 0 0 0 0 0 0 0 0 0 0 0 0 0 0 0 1 1 1 0 0 1 1 0 0
Daniel   false 0 0 0 0 0 0 0 0 0 0 1 0 0 0 0 0 0 1 1 1 0 0 0 0 1 1 0 0
Lydia    true  0 0 0 0 0 0 0 0 0 0 0 0 0 1 0 0 0 0 0 0 0 0 0 0 0 0 1 1
Lance    true  0 0 0 0 0 0 0 0 0 0 0 0 0 0 0 0 0 0 0 0 0 0 0 0 1 0 0 0